object Form1: TForm1
  Left = 0
  Top = 0
  Caption = 'Form1'
  ClientHeight = 618
  ClientWidth = 400
  FormFactor.Width = 320
  FormFactor.Height = 480
  FormFactor.Devices = [Desktop]
  DesignerMasterStyle = 0
  object Rectangle1: TRectangle
    Position.X = 40.000000000000000000
    Position.Y = 24.000000000000000000
    Size.Width = 313.000000000000000000
    Size.Height = 50.000000000000000000
    Size.PlatformDefault = False
  end
end
